LocalAuthority,2GGeographicNoreliablesignal, 2GGeographicSignalfrom1operator,2GGeographicSignalfrom2operators,2GGeographicSignalfromalloperators,2GPremisesNoreliablesignal,2GPremisesSignalfrom1operator,2GPremisesSignalfrom2operators,2GPremisesSignalfromalloperators,3GGeographicNoreliablesignal,3GGeographicSignalfrom1operator,3GGeographicSignalfrom2operators,3GGeographicSignalfrom3operators,3GGeographicSignalfromalloperators,3GPremisesNoreliablesignal,3GPremisesSignalfrom1operator,3GPremisesSignalfrom2operators,3GPremisesSignalfrom3operators,3GPremisesSignalfromalloperators,MobileDataMBperMonthperPremises
Aberdeen City,0.1,3,9.4,87.5,0,0,0.5,99.5,0.1,2.9,24.6,12.9,59.5,0,0,2.4,3.5,94.1,790
Aberdeenshire,15.9,16.6,20.8,46.7,1.9,8.7,16,73.4,38.1,18.5,39,2.5,1.8,8.8,12.6,50.4,13.2,15,343
Abertawe - Swansea,1,7.7,15.1,76.1,0,0.9,2.8,96.3,1.2,9.6,21.9,15.4,51.9,0.1,0.7,5.8,10.1,83.2,509
Angus,27.8,15.5,13,43.7,1.2,2.7,6.3,89.8,31.9,15.5,35,5.7,11.9,0.9,1.8,27.2,10.8,59.3,436
Antrim,0.1,2.1,9,88.8,0,0.5,6.2,93.3,0.2,5.7,30.5,23,40.6,0.1,7.4,16.9,14.1,61.4,522
Ards,0.1,9.2,13.1,77.6,0,3.1,8,88.9,20.3,21.6,18.6,19.4,20.1,14.9,17.7,11.3,15.3,40.8,228
Argyll and Bute,38.9,17.5,21.7,21.9,5.7,9.3,13.5,71.5,71.4,16,10.6,1,1.1,19.4,11.8,39.4,20.2,9.2,393
Armagh,4.7,16.7,17.2,61.4,2,5.7,12,80.3,30.5,31,20.8,10.4,7.3,15.4,25.3,19.1,9.8,30.4,136
Ballymena,2.7,4.8,13.5,78.9,0,1.8,11.7,86.6,17.6,20.4,27.5,12.8,21.7,3.4,9.7,12.7,15.6,58.6,230
Ballymoney,2.6,7.5,15.3,74.6,0,7.2,14.7,78.1,39.1,37.1,13,7.1,3.7,18.7,40.5,30.3,8,2.5,122
Banbridge,0.7,8.1,28.3,62.9,0.2,2.5,17.2,80.1,34.4,25.4,23.9,11.4,4.7,12.9,14.3,20.7,35.1,16.9,177
Barnsley District ,0.5,2.4,7.3,89.7,0,0.2,2.9,96.8,0,3.3,18.8,23.7,54.2,0,0,7.1,16,76.9,661
Bath and North East Somerset,0,4,16.3,79.6,0,1.2,8.9,89.9,0,1.7,34.5,19.9,43.9,0,0.5,13.6,10.9,75.1,533
Bedford ,0.1,2.3,7.4,90.2,0,0.6,5,94.4,0,2.3,38.6,17.6,41.5,0,0.7,13,9.5,76.8,735
Belfast,0,0,2.5,97.5,0,0,0,100,0,2,1,6.8,90.3,0,0,0.1,1,98.9,512
Birmingham District ,0,0.2,0.6,99.1,0,0,0.2,99.8,0,0,0.1,2.8,97.1,0,0,0,0.7,99.3,939
Blackburn with Darwen ,0.6,2.5,11.4,85.5,0,0,1.7,98.2,0,5.5,19.8,11.1,63.6,0,0.2,3.2,5,91.5,683
Blackpool ,0,0,0.6,99.4,0,0,0,100,0,0,0,0,100,0,0,0,0,100,849
Blaenau Gwent - Blaenau Gwent,0.1,4.6,14.8,80.6,0,4.4,21.6,74,0.1,2.8,24,64.2,8.8,0,2.1,18.9,69.1,9.9,563
Bolton District ,0,0.1,0.7,99.2,0,0,0.3,99.7,0,0,1.1,10.1,88.9,0,0,0.3,7.3,92.4,650
Bournemouth ,0,0,0.1,99.9,0,0,0.1,99.9,0,0,0.1,0.3,99.7,0,0,0,0.1,99.9,546
Bracknell Forest ,0.1,1.9,4.7,93.3,0,0,0.1,99.9,0,0.2,3.1,17,79.8,0,0,0,1.6,98.4,678
Bradford District ,0.2,2.9,5.1,91.8,0,0.3,2.8,96.9,0,0.9,11.6,16.1,71.4,0,0,4.8,8.2,87,737
Bro Morgannwg - the Vale of Glamorgan,0.2,4.2,7.9,87.7,0,1.7,2.6,95.7,0,2.8,27.6,21.6,48,0,0.9,8.1,18.5,72.5,496
Buckinghamshire County,0.5,5.1,11.9,82.5,0.1,1.4,5.2,93.4,0.1,2.8,26.2,22,48.9,0,0.4,10,14.6,75,691
Bury District ,0,0.1,1.7,98.2,0,0,0.4,99.6,0,0,1,5.3,93.6,0,0,0.2,2.1,97.7,679
Caerdydd - Cardiff,0,0.5,2.4,97.1,0,0.2,0.6,99.2,0,0.3,2.8,6.7,90.2,0,0,0.1,1.3,98.5,745
Caerffili - Caerphilly,1.3,5.2,11.4,82.1,0,2.9,9.8,87.3,0.6,3.2,31.9,27.1,37.3,0,0.6,21.9,26.5,50.9,532
Calderdale District ,2.2,7.9,12.7,77.2,0,1.4,4.8,93.8,0.4,11.7,31.1,22.6,34.2,0,0.2,13.2,17.4,69.1,571
Cambridgeshire County,0.3,2.3,10.2,87.2,0.5,2.4,9.9,87.2,0,0.8,21.6,37.8,39.7,0,1.5,20.1,19.1,59.3,602
Carrickfergus,2.8,20.6,9,67.5,0,0.4,1.3,98.3,1.1,30.3,6.6,11,50.9,0,5.8,4.5,3.6,86.1,283
Casnewydd - Newport,0,2.4,5.9,91.7,0,0.3,1.4,98.4,0,1,9.5,6.7,82.9,0,0,1,2.5,96.5,640
Castell-nedd Port Talbot - Neath Port Talbot,8.3,21.1,21.4,49.3,0,5.7,15.2,79.1,5.7,19.7,36.6,14.1,23.9,1.1,4.3,19.8,17.6,57.2,479
Castlereagh,0,1.2,6.6,92.2,0,0.5,1.9,97.6,0.4,7.7,18.4,27.6,45.9,0,1.5,6.1,7.8,84.5,294
Central Bedfordshire,0.1,1.8,6.9,91.2,0.1,0.8,4.9,94.2,0.1,0.8,15.1,23.2,60.8,0,0.1,10.7,22.6,66.7,609
Cheshire East ,1.2,3.7,12,83.1,0.1,0.7,5.9,93.3,0.1,3.1,22.5,16.3,58,0,0.2,5.4,9.5,84.9,577
Cheshire West and Chester ,0.1,2.2,7.9,89.8,0,0.5,2.5,97,0,0.6,17.3,19.9,62.1,0,0.2,6.6,9.3,83.9,566
City of Bristol ,0,0.1,0.6,99.3,0,0,0.1,99.9,0,0,0,1.7,98.3,0,0,0,0.2,99.8,725
City of Derby ,0,0,0.4,99.6,0,0,0.7,99.3,0,0,0,3,97,0,0,0,1.8,98.1,880
City of Edinburgh,0.4,2.1,3,94.6,0,0.1,0.3,99.6,0,4.3,8.2,10.9,76.6,0,0,0.8,2.1,97.1,749
City of Kingston upon Hull ,0,0,0.2,99.8,0,0,0.8,99.2,0,0,0.6,0.8,98.6,0,0,0.5,0.5,99,969
City of Leicester ,0,0,0.4,99.6,0,0,0,100,0,0,0,1.9,98.1,0,0,0,0.4,99.6,871
City of Nottingham ,0,0,0.5,99.5,0,0,0.5,99.5,0,0,0.2,2.4,97.4,0,0,0.2,1.5,98.3,907
City of Peterborough ,0.1,1.5,4.1,94.3,0,0.5,1.6,97.9,0,0.4,8.5,23.6,67.5,0,0,2.4,7.3,90.3,677
City of Plymouth ,0,1.1,1.8,97.1,0,0.1,1,98.9,0,0.2,0.5,3.3,96,0,0,0.2,2.1,97.7,558
City of Portsmouth ,0,0,0.3,99.7,0,0,0.9,99.1,0,0,0,0.1,99.9,0,0,0,0.2,99.8,761
City of Southampton ,0,0,1.3,98.7,0,0,0.4,99.6,0,0,0,1,99,0,0,0,0.8,99.2,767
City of Stoke-on-Trent ,0,0.2,1.5,98.3,0,0,0.5,99.5,0,0,0,4.1,95.9,0,0,0,3,97,698
City of Wolverhampton District ,0,0.1,0.5,99.5,0,0,0.1,99.9,0,0,0.2,4.1,95.7,0,0,0.1,3.3,96.6,819
Clackmannanshire,2.3,5.4,11.5,80.8,0,0.1,1.5,98.5,3,18.6,41.2,16,21.1,0,0.2,43.1,39.7,16.9,397
Coleraine,3.6,10.3,17.8,68.3,0.6,2.9,8.4,88,36.9,18.5,9.8,12.8,22,9.2,9.6,18.6,15.7,47,259
Conwy - Conwy,19.9,17.8,19.8,42.5,1.3,3.7,22.6,72.4,27.9,23.5,38.4,5.2,5.1,3.5,5.4,24.8,24.2,42.1,602
Cookstown,7.8,26.6,24.3,41.4,2.3,16.4,16.8,64.6,30,22,17.1,13.8,17.2,11.4,16.4,14.4,11.6,46.2,170
Cornwall,2.3,14.8,16.9,66,0.7,8.6,12.8,77.9,4.2,14.6,50,17.5,13.7,2,6,33.3,20.4,38.3,419
County Durham,11.8,9.4,16.2,62.5,0.2,0.8,5.4,93.6,20.2,13.3,33.6,12.2,20.7,0.9,2.3,20.9,22.6,53.4,501
County of Herefordshire,4.6,17.2,26.7,51.5,1.3,7.9,15,75.7,7.7,18.3,55.1,14.7,4.2,2.5,8,34.9,22.4,32.2,543
Coventry District ,0,0,0.2,99.8,0,0,0.1,99.9,0,0,0,1.7,98.2,0,0,0,0.8,99.2,870
Craigavon,0.1,2.5,6.8,90.6,0.1,1.6,4.1,94.2,0.1,7.8,17.6,26.1,48.4,0.2,3.4,7.8,11.9,76.9,224
Cumbria County,13.9,13,16.8,56.2,1,4.8,11.3,82.8,19.2,20.9,43.5,8,8.4,2.9,6.6,28.3,13.6,48.6,423
Darlington ,0.5,1.3,7.5,90.7,0,0.2,1.5,98.3,0,1.9,19.9,14.8,63.4,0,0.2,2.7,3.3,93.7,682
Derbyshire County,3.7,8.5,10.8,77,0.2,1.6,5.8,92.5,5.9,10.6,24.8,23.6,35.1,0.4,1.6,12.4,22.5,63.1,521
Derry,9.3,10.3,17,63.4,0.9,1.5,4,93.5,23.3,21.7,12.1,15.6,27.3,2.1,2.8,8.2,4.9,82.1,302
Devon County,5.9,16.1,18.3,59.7,1.4,6.4,9.8,82.4,9.5,25,43.8,9.5,12.1,1.6,7.9,30.2,14.7,45.5,386
Doncaster District ,0.2,0.6,3.2,96,0,0,0.8,99.1,0,0.4,13.8,20,65.7,0,0,10.8,15.2,74,668
Dorset County,2.1,12.1,24.3,61.5,0.8,3.8,10.8,84.6,1.9,13.6,54.4,13,17.2,0.5,4.5,30.8,17.4,46.8,305
Down,0.8,9.7,22,67.4,0.9,7.3,16.2,75.6,35,38.3,19.7,6.8,0.2,27,34.2,21.9,16.8,0.1,168
Down,0.8,9.7,22,67.4,0.9,7.3,16.2,75.6,35,38.3,19.7,6.8,0.2,27,34.2,21.9,16.8,0.1,168
Dudley District ,0,0.4,2.2,97.4,0,0.3,1.7,98,0,0,0,5.7,94.3,0,0,0,4.7,95.3,598
Dumfries and Galloway,22.6,18.6,20.7,38.1,2.4,6.4,13.4,77.8,39,23.7,31.7,2.9,2.8,7.7,8.7,44.7,9.4,29.5,387
Dundee City,0,0.1,1.2,98.7,0,0,0.7,99.3,0,0.1,3,3.5,93.4,0,0,0,0.9,99.1,563
Dungannon,5.2,20.8,22.4,51.6,1.2,8.5,10.8,79.5,63,17.4,11.5,6.3,1.8,36.1,19.3,11.8,19.4,13.4,168
East Ayrshire,17,12.6,17.5,52.9,0.1,2.3,9.5,88.1,24.3,16.4,44.7,6.5,8.2,0.3,5.8,37.6,15.8,40.5,488
East Dunbartonshire,2.2,3.4,6.9,87.5,0,0.4,3.2,96.4,3.5,4.8,8.5,9.1,74.1,0,0,4.7,5.2,90,440
East Lothian,8.8,10.7,18.1,62.4,0.2,2.5,6.2,91.1,7.1,13.6,56,12.4,10.9,0.1,0.8,41.6,16.9,40.7,500
East Renfrewshire,1.3,4.2,16.3,78.2,0,0.2,2.1,97.6,1.7,7.3,12.6,25,53.5,0,0,0.3,6.5,93.2,498
East Riding of Yorkshire,1.1,6.2,16.2,76.4,0.3,4.9,11.5,83.4,1.4,5.3,51.1,27.2,15.1,0.3,2.1,30.5,28.7,38.4,571
East Sussex County,1.6,14.7,23.2,60.4,0.1,2.8,9,88.1,0.8,7.3,45.9,22.5,23.5,0,0.7,15.1,15.6,68.6,468
Essex County,0.3,3.9,12.6,83.3,0,1.6,4.9,93.5,0,1,24.3,27.6,47,0,0.2,10.1,15.8,73.8,640
Falkirk,1.1,6.8,10.4,81.7,0,0.7,2,97.2,0,5.5,30.4,12.3,51.7,0,0.4,8.9,15.1,75.6,481
Fermanagh,12,20.8,22.3,44.9,3.5,11.7,22,62.8,91.6,4.4,4,0,0,66.9,2.7,30.4,0,0,111
Fife,1.3,6.9,17.7,74.2,0.1,1.5,7.6,90.7,1.9,7.2,49.3,13.3,28.3,0.2,2.2,18.4,17.2,62,477
Gateshead District ,0,1.9,7.8,90.2,0,0.2,2.9,97,0,1.1,7.8,14.8,76.4,0,0.1,2.3,6.4,91.2,637
Glasgow City,0,0,0.7,99.3,0,0,0.2,99.8,0,0,0,0.1,99.9,0,0,0,0,100,868
Gloucestershire County,2.2,10.4,15.9,71.5,0.3,4.2,9.2,86.2,1.5,10.3,39,26.7,22.4,0.3,4.8,18.7,16.9,59.3,430
Gwynedd - Gwynedd,21.9,18.1,17.7,42.3,1.6,10.4,15.8,72.1,38.4,24.9,32.3,3.6,0.8,12.2,21.1,49.9,8.6,8.3,429
Halton ,0,0.1,0.6,99.3,0,0,0,100,0,0,0.5,3.6,96,0,0,0,0.8,99.2,638
Hampshire County,1.8,7.4,16,74.8,0.1,0.9,3.7,95.3,1.2,7,42.2,15.9,33.6,0.1,0.6,11.3,9.6,78.3,536
Hartlepool ,0,3.9,4.7,91.4,0,0.3,0.9,98.8,0,0.7,9.3,10.4,79.6,0,0,0.6,7.4,92,784
Hertfordshire County,0.5,4.3,10.9,84.3,0,0.6,3.6,95.8,0.1,1.3,21.4,17.4,59.7,0,0.1,3.5,6.4,90.1,736
Highland,37.7,13.9,19.4,29.1,4.5,10.1,12,73.5,69.9,16.9,12.4,0.6,0.3,19.7,18.1,29.5,10.2,22.5,353
Inverclyde,1.8,8.3,17.7,72.1,0,0.5,3.7,95.7,4.5,13.8,18.3,27.2,36.3,0,1.4,7.8,9.9,80.9,753
Isle of Wight,0.2,3.5,16.5,79.8,0,1.8,8.7,89.5,0.4,4.4,50.8,17.8,26.7,0.2,1.1,26.8,26.6,45.3,438
Isles of Scilly,0,25.7,15.5,58.8,0,16.7,13,70.4,100,0,0,0,0,100,0,0,0,0,101
Kent County,0.5,7.9,13,78.6,0,1.5,5,93.4,0.5,4.4,27.2,25.8,42.1,0,0.7,9.1,12,78.2,604
Kirklees District ,0.4,2.3,7.9,89.4,0,0.3,3.4,96.3,0.4,3.7,21.1,18.7,56.1,0,0.1,7.6,12.9,79.5,657
Knowsley District ,0,0,1.3,98.7,0,0,0.3,99.7,0,0,0.7,1.5,97.7,0,0,0,0.4,99.6,619
Lancashire County,5.2,5.3,8.8,80.7,0.1,0.9,3.3,95.7,4.8,8.5,22.5,18.7,45.6,0.1,0.5,8.2,14.2,77.1,550
Larne,8.9,18.9,16.9,55.3,0.5,5.2,8.7,85.6,46.2,15.4,10.2,12,16.2,11.5,11.6,4.1,5.2,67.6,261
Leeds District ,0,1.9,5.5,92.7,0,0.4,0.9,98.7,0,0.2,7.9,12.5,79.5,0,0,1.5,2.5,96,700
Leicestershire County,0.8,3.8,8.8,86.6,0.1,1.6,4.8,93.5,0.3,3.8,32.1,23.8,39.8,0.1,0.8,13.4,19.9,65.8,524
Limavady,6.6,13.2,16.9,63.3,0.7,4,10.1,85.2,50.4,24.7,13.7,10.4,0.8,23.3,23.1,29.2,21.9,2.5,171
Lincolnshire County,1,6,19.3,73.6,0.5,5.1,14.2,80.2,0.8,6.5,51.1,27.2,14.4,0.1,4.4,29.4,20.2,45.8,571
Lisburn,0.1,3.1,10.6,86.2,0.1,1.5,4.3,94.2,3.6,21.4,21.9,23.7,29.4,1.3,5.4,7.4,14.1,71.8,352
Liverpool District ,0,0,0,100,0,0,0.1,99.9,0,0,0,0,100,0,0,0,0,100,883
London,0,0.4,0.8,98.8,0,0,0.1,99.9,0,0,0.3,2.1,97.6,0,0,0,0.3,99.7,1268
Luton ,0,0,0.5,99.5,0,0,0.3,99.7,0,0,0,1.4,98.6,0,0,0,0.7,99.3,1024
Magherafelt,3.1,8.4,14.9,73.7,0.8,3.8,12.4,83,44.7,21.4,30.3,2.6,1,20.8,42.6,33.4,2.7,0.5,105
Manchester District ,0,0,0.1,99.9,0,0,0,100,0,0,0,0.1,99.9,0,0,0,0,100,1169
Medway ,0.5,3.6,4.8,91,0,1.3,2.2,96.5,0,0.9,3.2,9.2,86.7,0,0.1,0.9,4.2,94.8,711
Merthyr Tudful - Merthyr Tydfil,4.1,7.5,12.7,75.7,0.1,1.4,7.3,91.1,4.2,11.3,25.7,11.1,47.6,0,2.7,19.9,3.4,74,865
Middlesbrough ,0,0,1.7,98.3,0,0,0.3,99.7,0,0,3.7,8.4,87.8,0,0,0.1,1.7,98.2,849
Midlothian,3,11.8,19,66.3,0,0.6,4.9,94.5,2,11.2,41.8,13.8,31.2,0,0.2,8.3,23.7,67.8,581
Milton Keynes ,0,0.3,2.8,97,0,0.2,0.7,99.1,0,0.3,10.6,28.7,60.4,0,0,1.9,14.5,83.6,704
Moray,25.8,17.7,18.6,37.8,1.8,5.8,14,78.4,43.6,20.8,32.2,1.6,1.8,7,14.5,52.2,4.7,21.6,256
Moyle,10.3,21.3,18.7,49.7,1.2,5.5,22.8,70.5,84,14.8,1.2,0,0,47.2,36.4,16.4,0,0,160
Na H-Eileanan an Iar,24.2,19.3,25.5,30.9,10.4,24.5,20.6,44.4,67.7,16.5,15.5,0.3,0,48.9,14,20.4,16.7,0,129
Newcastle upon Tyne District ,0,0,0.7,99.3,0,0,0.2,99.8,0,0,0.1,8,91.9,0,0,0,2.7,97.3,898
Newry and Mourne,19.4,17.2,19.5,44,11.5,7.3,10.1,71.1,58.8,19.5,12,8.8,1,31.3,18.5,11.7,25.1,13.5,175
Newtownabbey,0.2,2.7,11.2,86,0,0.9,3.9,95.2,0,1.1,7.8,37.3,53.8,0,0.1,2.6,18.3,79.1,346
Norfolk County,1.4,7.7,24.6,66.3,0.5,5.5,13,80.9,4.9,9.8,50.4,22.8,12.2,1.9,6.7,30,16.7,44.7,448
North Ayrshire,12.4,15.9,14.8,57,0.1,2,4.3,93.6,21.8,25.6,21.7,13.7,17.3,1.5,2.7,12.1,18.1,65.5,488
North Down,0,1.1,2.8,96.1,0,0.1,2,97.9,0,0.2,15.6,13.2,71,0,0,2.2,2.1,95.7,420
North East Lincolnshire ,1.2,3.3,8.2,87.3,0.1,0.1,2,97.8,0,2.7,20.4,25.1,51.8,0,0.1,8.5,8.6,82.7,562
North Lanarkshire,2.2,4.9,7.9,85,0,0,2,97.9,0.9,4.7,24.2,12.2,58,0,0,5.4,5.9,88.7,602
North Lincolnshire ,0.3,1.4,6.2,92.1,0.2,2.5,9.7,87.6,0,1.1,30.1,22.6,46.2,0,2.8,25.3,13.7,58.2,577
North Somerset,0,2.2,5.8,92,0,0.5,4.4,95.2,0,1.3,15.8,18.2,64.7,0,0.6,8,10.5,81,476
North Tyneside District ,0,0,0.3,99.7,0,0,0.1,99.9,0,0,0.2,1.8,98,0,0,0,1,98.9,597
North Yorkshire County,15.2,13.2,18.1,53.5,2.1,5.3,11.4,81.1,21.9,16.6,33.9,15.5,12,3.9,6,26.5,23.8,39.8,537
Northamptonshire County,0.4,4.8,10.1,84.7,0.1,1.3,4.3,94.3,0.1,2.4,28,33.6,35.9,0,0.3,11.1,18.2,70.4,689
Northumberland,20.9,15.5,18.9,44.7,1.9,5.2,6.8,86.2,30,16.5,41.2,6.7,5.6,3.4,2.3,26.9,19,48.4,449
Nottinghamshire County,0.3,3.1,10.9,85.7,0,0.9,5,94.1,0,2.9,37.3,21.3,38.5,0,0.2,15.2,12.4,72.1,557
Oldham District ,1.2,4.5,4.4,89.8,0,0,0.4,99.6,0.2,3.3,17.4,17,62.1,0,0,2.3,6.1,91.6,707
Omagh,13.3,22.8,20.6,43.3,4.4,12.2,15.2,68.2,77.1,7.6,5.4,9.9,0,44.7,4.1,4,47.1,0,145
Orkney Islands,7.8,12.7,18.8,60.7,4.8,11.1,12.3,71.9,58.2,41.8,0,0,0,29.6,70.4,0,0,0,100
Oxfordshire County,0.4,4.6,12.2,82.8,0.1,1.6,8.3,90,0.2,3.1,27.3,30.1,39.2,0,0.8,14.1,19,66.1,578
Pen-y-bont ar Ogwr - Bridgend,0.5,7.4,11.9,80.2,0,2,7.2,90.8,0.4,3.4,29.7,15.6,50.9,0,0.4,17.4,10.5,71.7,583
Perth and Kinross,27.5,16.4,18.2,37.9,0.9,3.2,9.9,86,40.3,19.7,33.4,3.1,3.5,3.7,5.8,45.2,5.2,40,509
Poole ,0,0,1.6,98.4,0,0,0.3,99.7,0,0,0.5,7.5,92,0,0,0,1.8,98.2,433
Powys - Powys,21.6,22.4,18.3,37.7,5.2,13.9,18.6,62.3,29.2,23.1,45.3,2.1,0.4,9.9,15.6,61.1,13.1,0.3,306
Reading ,0,0,0,100,0,0,0,100,0,0,0,0.2,99.8,0,0,0,0.3,99.7,1012
Redcar and Cleveland ,1.8,6.1,14.3,77.7,0.1,1.3,3.1,95.5,1.4,6.7,49.9,12.6,29.4,0.1,0.8,25.5,18.9,54.7,606
Renfrewshire,1.2,4.3,9.1,85.4,0,0.2,0.9,98.9,0.9,2.7,9.8,20.3,66.2,0,0,1.1,3.9,95,673
Rhondda Cynon Taf - Rhondda Cynon Taff,5,9.2,16.7,69.1,0,2,12.1,85.8,4.4,10.9,36.2,24.5,23.9,0,1.5,31.6,35.9,31,505
Rochdale District ,0,0.6,1.8,97.6,0,0.1,0.7,99.2,0,0.2,4.1,8,87.8,0,0,1.8,5.2,93,717
Rotherham District ,0,1.8,4.6,93.6,0,0.3,2.1,97.7,0,0.7,9.3,18.7,71.4,0,0,4.5,20.9,74.6,643
Rutland,0.3,3.1,15,81.6,0,2.5,29.8,67.7,0.1,3.2,75.8,15.8,5.1,0,2,91.9,5.7,0.5,591
Salford District ,0,0,0.9,99.1,0,0,0.1,99.9,0,0,0,1.2,98.8,0,0,0,0.8,99.2,799
Sandwell District ,0,0,0.1,99.9,0,0,0,100,0,0,0,5.1,94.9,0,0,0,1.7,98.3,890
Scottish Borders,24.5,16.5,18.9,40.1,2.1,6.4,17.4,74.2,38.8,18.9,39.6,1.9,0.8,4.9,6.2,59.7,17.6,11.6,348
Sefton District ,0,1.5,3.4,95.1,0,0,0.4,99.6,0,0.1,2.9,6.4,90.6,0,0,0.1,2.9,97,537
Sheffield District ,3.5,8.6,8.1,79.8,0,0.3,2,97.6,4.3,6.4,9.7,17.6,62,0,0.1,0.6,6,93.3,733
Shetland Islands,22.9,23,35.3,18.8,15.3,19.5,20.4,44.9,77.4,18.7,3.8,0.1,0,43.7,32.6,23.7,0,0,138
Shropshire,4.8,15.6,23.5,56.1,0.9,7.2,15.1,76.8,9.2,14.8,43.9,17.6,14.5,2,4.3,37.5,13.6,42.5,524
Sir Benfro - Pembrokeshire,4.8,15.6,19.6,60,1.4,9.1,15.5,74.1,5.8,18.7,56.6,17.5,1.4,1.9,9.8,37.9,41.6,8.8,481
Sir Ceredigion - Ceredigion,22.8,25.9,24.3,27,4.5,18.3,29.1,48,44.9,22.4,31.1,0.6,1,16.4,25.6,37.9,1.1,19,346
Sir Ddinbych - Denbighshire,9.1,16.7,24.1,50.2,1,5.5,10.2,83.2,12.9,26.7,47.5,5.5,7.5,1.5,12.4,28.1,10.5,47.4,498
Sir Fynwy - Monmouthshire,9,20.3,17.9,52.8,1.9,6.5,7.8,83.8,8,25,42.9,9.8,14.3,1.1,5.3,21.8,28.4,43.4,412
Sir Gaerfyrddin - Carmarthenshire,12.7,20.6,20.5,46.2,2.2,11.6,13,73.2,24.3,18.8,45.9,4.7,6.2,8.7,6.4,35.2,13.1,36.6,509
Sir y Fflint - Flintshire,1,7.2,10.5,81.4,0.4,3.6,6.1,89.9,0.1,2.6,31.2,19,47.1,0,0.5,15.1,20,64.4,455
Sir Ynys Mon - Isle of Anglesey,1.1,7.1,19.8,72,0.4,7.6,23.4,68.7,2.7,14.8,69.8,8.3,4.4,3.2,13.2,55.5,12.9,15.2,346
Slough ,0,0,0,100,0,0,0,100,0,0,0,0,100,0,0,0,0,100,1369
Solihull District ,0,0.2,3.5,96.3,0,0,0.8,99.1,0,0,2.3,16.5,81.1,0,0,0.3,6.5,93.2,682
Somerset County,5.4,10.8,13.4,70.5,0.8,4.7,10.2,84.3,11.9,10.4,37.6,16.8,23.2,1.6,5.7,27.5,15.3,49.9,387
South Ayrshire,29,17.6,17.1,36.3,0.5,2.7,8.5,88.3,43.1,9.6,34,3.7,9.6,1.5,2.2,23.1,3.8,69.4,581
South Gloucestershire,0.1,2.4,7.7,89.9,0,0.5,2.2,97.3,0,1.7,18,14.6,65.7,0,0,3.3,4.9,91.8,565
South Lanarkshire,11.3,11.4,14.3,62.9,0.1,0.5,1.8,97.6,11.3,19.1,42.1,10.9,16.6,0.2,0.4,14.6,7.9,76.9,560
South Tyneside District ,0,0,0.1,99.9,0,0,0,100,0,0,0.1,0.4,99.5,0,0,0,0.3,99.7,701
Southend-on-Sea ,0,0,0,100,0,0,0,100,0,0,0,0.7,99.3,0,0,0,0.6,99.4,719
St. Helens District ,0,0,0.1,99.9,0,0,0,100,0,0,1.7,6.3,92,0,0,0.3,6.9,92.8,507
Staffordshire County,1.9,9.4,12.6,76.2,0.1,1.9,5.2,92.7,3,4.8,29.1,20.5,42.6,0.3,0.4,10,13.5,75.8,579
Stirling,29.2,13.9,18.8,38.1,0.7,2.3,7.7,89.3,47,20.1,22.5,3.8,6.5,5.3,3.9,26.5,8.4,55.9,656
Stockport District ,0,0.6,3.3,96.1,0,0,0.2,99.7,0,0.2,4.7,3.4,91.7,0,0,0.3,0.6,99.1,620
Stockton-on-Tees ,0.1,2.5,5.3,92.1,0,0.2,1.2,98.7,0,1.3,12.6,9.3,76.8,0,0.2,2.1,5.2,92.5,623
Strabane,32.3,23.6,14.1,30,8.6,10.2,13.2,68.1,81.3,12.1,3.9,2.6,0.1,33.6,24.7,10.3,31.4,0,90
Suffolk County,1.8,7.3,21,70,0.7,3.9,11.1,84.3,1.2,4.9,53,25.6,15.3,0.3,3.1,27.9,14.5,54.2,471
Sunderland District ,0,0.3,0.5,99.2,0,0,0,100,0,0,0.9,5,94.1,0,0,0.2,3.3,96.6,723
Surrey County,0.5,5.4,12.8,81.3,0,0.6,3,96.3,0.2,3.7,15.8,20.5,59.8,0,0.3,2.7,8.5,88.5,732
Swindon ,0,0.6,4.4,95,0,0,0.9,99,0,0.1,7.8,32,60.2,0,0.1,1.9,4.9,93.2,534
Tameside District ,0.3,0.6,2.2,96.9,0,0,0.5,99.5,0,0.7,2.9,6.5,89.9,0,0,0.2,2.7,97.1,639
Telford and Wrekin ,0.2,3.4,9.8,86.6,0.1,1.3,3,95.5,0,1.1,20.7,13.5,64.7,0,0.3,3.2,8.2,88.3,677
The City of Brighton and Hove ,0,1.2,4.6,94.2,0,0,0.3,99.7,0,0.2,6.9,11.5,81.4,0,0,0.5,3.5,96,777
Thurrock ,0,0.5,1.5,97.9,0,0.2,1.7,98.2,0,0,0.7,8.2,91.1,0,0,0.4,12.9,86.7,925
Torbay ,0,1.5,4.9,93.5,0,0.3,3,96.7,0,0.3,4.1,13.6,82,0,0,1.2,10.7,88.1,431
Tor-faen - Torfaen,0.7,6.9,14.4,78,0,1.7,9.5,88.8,1.2,6,41.8,13.3,37.7,0,2.3,24.4,12.5,60.9,387
Trafford District ,0,0,0.5,99.5,0,0,0.3,99.7,0,0,0.1,1.3,98.6,0,0,0,0.2,99.8,739
Wakefield District ,0,0.2,2.3,97.6,0,0.2,1.3,98.6,0,0,7.7,16.3,75.9,0,0,4,14.7,81.3,651
Walsall District ,0,0,0.3,99.7,0,0,0.1,99.9,0,0,0,13.1,86.9,0,0,0,8.9,91.1,726
Warrington ,0,0,0.5,99.5,0,0,0.5,99.5,0,0,0.3,4.5,95.2,0,0,0.1,1.8,98,722
Warwickshire County,0.1,3.8,11.3,84.8,0,1.8,6.7,91.5,0.1,0.7,32.2,24,43,0.1,0.2,14.2,13.8,71.6,609
West Berkshire,0.5,5.3,14.4,79.9,0.1,2,5,92.8,0.4,3.8,28.5,24,43.3,0.1,1.8,9.3,13.8,75,718
West Dunbartonshire,3.9,8.2,10.8,77.1,0,0.2,1.2,98.6,1.5,10.5,23.6,16.6,47.8,0,0,0.5,4,95.5,638
West Lothian,1.1,5.6,12.2,81.2,0,0.4,3.9,95.8,0,8.4,30.5,15.5,45.6,0,0.1,11,18.4,70.6,595
West Sussex County,2.4,7.7,14.3,75.6,0.1,0.5,3.3,96,1.4,9.1,39.1,17.2,33.2,0.1,1,11.1,8.6,79.3,565
Wigan District ,0,0,1.2,98.8,0,0,0.7,99.3,0,0,0.8,9,90.2,0,0,0,5.3,94.7,513
Wiltshire,3.2,8.7,13.5,74.6,0.4,2.4,8.1,89.2,4.6,9.8,39.4,23.8,22.5,1,2.6,22,18.4,56,430
Windsor and Maidenhead ,0,1.6,3.8,94.6,0,0.1,0.5,99.4,0,0,1.2,8.2,90.6,0,0,0.4,1.2,98.5,911
Wirral District ,0,0,0.9,99.1,0,0,0.4,99.6,0,0,0.9,1.6,97.5,0,0,0.2,0.1,99.7,585
Wokingham ,0,0.1,2.8,97.1,0,0,0.8,99.2,0,0,2.3,10.5,87.1,0,0,1.4,3.3,95.3,636
Worcestershire County,0.5,8.3,12,79.3,0.1,2.8,5.7,91.5,0.5,3.5,28.8,32.3,34.8,0,0.8,11.6,21.9,65.7,574
Wrecsam - Wrexham,9.7,12.2,13.5,64.5,0.4,3.2,10.8,85.6,10.6,9.3,36.1,15.4,28.5,1.3,0.7,19.2,25.5,53.3,396
York ,0,0.6,8.4,91,0,0,3.9,96.1,0,0.3,20.2,19.7,59.9,0,0.1,5,4.5,90.4,712
